1.36782e-07 352.505 -8.41342 2.1963 0 2 2AGLJ1803-3935 0 0 0 0 0.5 5.0 20 10000 0 100
1.59499e-07 357.243 -1.97684 2.08084 0 2 2AGLJ1747-3232 0 0 0 0 0.5 5.0 20 10000 0 100
7.54666e-08 353.287 2.04444 2.34544 0 2 2AGLJ1720-3328 0 0 0 0 0.5 5.0 20 10000 0 100
1.29014e-07 348.686 -0.983661 1.95694 0 2 2AGLJ1720-3859 0 0 0 0 0.5 5.0 20 10000 0 100
1.53979e-06 343.114 -2.70768 1.51389 0 2 2AGLJ1710-4429 0 1 3025.17 0 0.5 5.0 20.0 10000.0  0 100
0 8.30279 0.11776 2.1 0 2 2AGLJ1804-2153 0 0 0 0 0.5 5.0 20 10000 0 100
4.10098e-07 7.31668 -2.09534 1.79832 0 2 2AGLJ1810-2339 0 0 0 0 0.5 5.0 20 10000 0 100
3.579e-07 6.16978 -0.067694 3.37991 0 2 2AGLJ1801-2334 0 3 2935.07 0.682363 1.0 4.0 500.0 3000.0 0.1 3.0
2.73758e-07 358.261 0.33283 1.97409 0 2 2AGLJ1740-3013 0 0 0 0 0.5 5.0 20 10000 0 100
2.93456e-07 359.602 -1.02271 1.74671 0 2 2AGLJ1748-2950 0 0 0 0 0.5 5.0 20 10000 0 100
9.56232e-08 3.06185 -0.350146 2.67102 0 2 2AGLJ1754-2626 0 0 0 0 0.5 5.0 20 10000 0 100
1.49696e-07 3.90962 1.57396 2.35098 0 2 2AGLJ1749-2448 0 0 0 0 0.5 5.0 20 10000 0 100
8.47e-08 356.302 0.0327337 2.1526 0 2 2AGLJ1737-3206 0 0 0 0 0.5 5.0 20 10000 0 100
1.662e-07 356.615 1.20073 2.11654 0 2 2AGLJ1733-3130 0 0 0 0 0.5 5.0 20 10000 0 100
7.60913e-07 0.403804 0.106506 2.11796 0 2 2AGLJ1746-2832 0 0 0 0 0.5 4.0 20 10000 0 100
1.90329e-07 359.489 1.47047 2.48467 0 2 2AGLJ1739-2837 0 0 0 0 0.5 5.0 20 10000 0 100
1.12613e-07 2.00348 1.93424 2.67621 0 2 2AGLJ1743-2613c 0 0 0 0 0.5 5.0 20 10000 0 100
4.04164e-07 358.209 -0.575988 1.96482 0 2 2AGLJ1744-3045 0 0 0 0 0.5 5.0 20 10000 0 100
2.42448e-07 359.668 -0.275217 1.48822 0 2 2AGLJ1746-2921 0 0 0 0 0.5 5.0 20 10000 0 100
1.00495e-07 6.5727 4.591 1.82719 0 2 2AGLJ1743-2051 0 0 0 0 0.5 3.0 20 10000 0 100
9.23926e-08 348.489 0.203703 2.20201 0 2 2AGLJ1715-3815 0 0 0 0 0.5 5.0 20 10000 0 100
2.3311e-06 355.72 -0.595772 2.1 1 2 AGLJ1736-3250 0 0 0 0 0.5 5 20 10000 0 100
